feature_pair,feature_a,feature_b,schemas_with_pair,schemas_without_pair,support,over_with_pair,over_without_pair,over_denominator_with,over_denominator_without,over_rate_with,over_rate_without,lift,delta,eligible_lift
has_minLength__AND__has_patternProperties,has_minLength,has_patternProperties,52,4020,0.0127701,93,1620,93,6056,1,0.267503,3.73827,0.732497,true
has_allOf__AND__has_minimum,has_allOf,has_minimum,21,4051,0.00515717,35,1678,35,6114,1,0.274452,3.64362,0.725548,true
has_maximum__AND__has_patternProperties,has_maximum,has_patternProperties,14,4058,0.00343811,23,1690,23,6126,1,0.275873,3.62485,0.724127,true
has_maxProperties__AND__has_oneOf,has_maxProperties,has_oneOf,13,4059,0.00319253,21,1692,21,6128,1,0.27611,3.62175,0.72389,true
has_maxLength__AND__has_patternProperties,has_maxLength,has_patternProperties,32,4040,0.00785855,54,1659,56,6093,0.964286,0.27228,3.54153,0.692006,true
has_additionalProperties__AND__has_patternProperties,has_additionalProperties,has_patternProperties,137,3935,0.0336444,204,1509,235,5914,0.868085,0.255157,3.40216,0.612928,true
has_default__AND__has_patternProperties,has_default,has_patternProperties,23,4049,0.00564833,39,1674,42,6107,0.928571,0.274112,3.38757,0.65446,true
has_boolean_schema__AND__has_patternProperties,has_boolean_schema,has_patternProperties,134,3938,0.0329077,200,1513,231,5918,0.865801,0.255661,3.38652,0.61014,true
has_pattern__AND__has_patternProperties,has_pattern,has_patternProperties,72,4000,0.0176817,109,1604,121,6028,0.900826,0.266092,3.3854,0.634735,true
has_maxProperties__AND__has_required,has_maxProperties,has_required,17,4055,0.00417485,24,1689,26,6123,0.923077,0.275845,3.34636,0.647232,true
has_minProperties__AND__has_oneOf,has_minProperties,has_oneOf,15,4057,0.00368369,23,1690,25,6124,0.92,0.275963,3.33378,0.644037,true
has_allOf__AND__has_enum,has_allOf,has_enum,57,4015,0.013998,84,1629,94,6055,0.893617,0.269034,3.32158,0.624583,true
has_enum__AND__has_patternProperties,has_enum,has_patternProperties,71,4001,0.0174361,106,1607,120,6029,0.883333,0.266545,3.31401,0.616788,true
has_patternProperties__AND__has_properties,has_patternProperties,has_properties,169,3903,0.0415029,243,1470,294,5855,0.826531,0.251067,3.29207,0.575463,true
has_allOf__AND__has_pattern,has_allOf,has_pattern,24,4048,0.00589391,34,1679,38,6111,0.894737,0.27475,3.25654,0.619986,true
has_allOf__AND__has_defs,has_allOf,has_defs,80,3992,0.0196464,116,1597,135,6014,0.859259,0.265547,3.23581,0.593712,true
has_minimum__AND__has_patternProperties,has_minimum,has_patternProperties,31,4041,0.00761297,46,1667,52,6097,0.884615,0.273413,3.23545,0.611202,true
has_allOf__AND__has_oneOf,has_allOf,has_oneOf,37,4035,0.00908644,58,1655,66,6083,0.878788,0.27207,3.23001,0.606718,true
has_patternProperties__AND__has_type,has_patternProperties,has_type,191,3881,0.0469057,261,1452,326,5823,0.800613,0.249356,3.21072,0.551257,true
has_patternProperties__AND__has_required,has_patternProperties,has_required,126,3946,0.030943,185,1528,225,5924,0.822222,0.257934,3.18773,0.564288,true
has_oneOf__AND__has_patternProperties,has_oneOf,has_patternProperties,41,4031,0.0100688,62,1651,72,6077,0.861111,0.27168,3.16958,0.589431,true
has_patternProperties__AND__has_ref,has_patternProperties,has_ref,64,4008,0.0157171,95,1618,113,6036,0.840708,0.268058,3.13629,0.57265,true
has_defs__AND__has_not,has_defs,has_not,27,4045,0.00663065,37,1676,43,6106,0.860465,0.274484,3.13484,0.585981,true
has_not__AND__has_ref,has_not,has_ref,27,4045,0.00663065,37,1676,43,6106,0.860465,0.274484,3.13484,0.585981,true
has_allOf__AND__has_items,has_allOf,has_items,61,4011,0.0149804,89,1624,106,6043,0.839623,0.268741,3.12429,0.570882,true
has_items__AND__has_patternProperties,has_items,has_patternProperties,94,3978,0.0230845,137,1576,167,5982,0.820359,0.263457,3.11383,0.556902,true
has_minItems__AND__has_patternProperties,has_minItems,has_patternProperties,47,4025,0.0115422,70,1643,83,6066,0.843373,0.270854,3.11376,0.57252,true
has_allOf__AND__has_ref,has_allOf,has_ref,68,4004,0.0166994,94,1619,113,6036,0.831858,0.268224,3.10136,0.563634,true
has_defs__AND__has_patternProperties,has_defs,has_patternProperties,65,4007,0.0159627,94,1619,113,6036,0.831858,0.268224,3.10136,0.563634,true
has_items__AND__has_maxProperties,has_items,has_maxProperties,18,4054,0.00442043,23,1690,27,6122,0.851852,0.276054,3.08582,0.575798,true
has_minProperties__AND__has_pattern,has_minProperties,has_pattern,24,4048,0.00589391,33,1680,39,6110,0.846154,0.274959,3.07738,0.571195,true
has_allOf__AND__has_properties,has_allOf,has_properties,95,3977,0.0233301,128,1585,158,5991,0.810127,0.264564,3.06213,0.545563,true
has_allOf__AND__has_type,has_allOf,has_type,96,3976,0.0235756,128,1585,159,5990,0.805031,0.264608,3.04236,0.540424,true
has_allOf__AND__has_required,has_allOf,has_required,82,3990,0.0201375,111,1602,137,6012,0.810219,0.266467,3.0406,0.543752,true
has_defs__AND__has_minProperties,has_defs,has_minProperties,27,4045,0.00663065,38,1675,46,6103,0.826087,0.274455,3.00992,0.551632,true
has_minProperties__AND__has_ref,has_minProperties,has_ref,27,4045,0.00663065,38,1675,46,6103,0.826087,0.274455,3.00992,0.551632,true
has_additionalProperties__AND__has_allOf,has_additionalProperties,has_allOf,58,4014,0.0142436,77,1636,95,6054,0.810526,0.270235,2.99934,0.540292,true
has_maxProperties__AND__has_properties,has_maxProperties,has_properties,20,4052,0.00491159,24,1689,29,6120,0.827586,0.27598,2.99871,0.551606,true
has_maxProperties__AND__has_type,has_maxProperties,has_type,20,4052,0.00491159,24,1689,29,6120,0.827586,0.27598,2.99871,0.551606,true
has_maxItems__AND__has_patternProperties,has_maxItems,has_patternProperties,16,4056,0.00392927,24,1689,29,6120,0.827586,0.27598,2.99871,0.551606,true
has_additionalProperties__AND__has_maxProperties,has_additionalProperties,has_maxProperties,16,4056,0.00392927,18,1695,22,6127,0.818182,0.276644,2.95752,0.541537,true
has_minimum__AND__has_not,has_minimum,has_not,14,4058,0.00343811,18,1695,22,6127,0.818182,0.276644,2.95752,0.541537,true
has_minProperties__AND__has_patternProperties,has_minProperties,has_patternProperties,16,4056,0.00392927,22,1691,27,6122,0.814815,0.276217,2.94991,0.538598,true
has_anyOf__AND__has_patternProperties,has_anyOf,has_patternProperties,19,4053,0.00466601,26,1687,32,6117,0.8125,0.275789,2.9461,0.536711,true
has_not__AND__has_oneOf,has_not,has_oneOf,23,4049,0.00564833,30,1683,37,6112,0.810811,0.27536,2.94455,0.535451,true
has_allOf__AND__has_boolean_schema,has_allOf,has_boolean_schema,54,4018,0.0132613,71,1642,89,6060,0.797753,0.270957,2.9442,0.526796,true
has_boolean_schema__AND__has_maxProperties,has_boolean_schema,has_maxProperties,15,4057,0.00368369,17,1696,21,6128,0.809524,0.276762,2.92498,0.532761,true
has_enum__AND__has_maxProperties,has_enum,has_maxProperties,15,4057,0.00368369,17,1696,21,6128,0.809524,0.276762,2.92498,0.532761,true
has_not__AND__has_pattern,has_not,has_pattern,14,4058,0.00343811,17,1696,21,6128,0.809524,0.276762,2.92498,0.532761,true
has_enum__AND__has_minProperties,has_enum,has_minProperties,21,4051,0.00515717,27,1686,34,6115,0.794118,0.275715,2.88021,0.518402,true
has_anyOf__AND__has_default,has_anyOf,has_default,40,4032,0.00982318,53,1660,68,6081,0.779412,0.272981,2.85518,0.50643,true
has_allOf__AND__has_not,has_allOf,has_not,17,4055,0.00417485,22,1691,28,6121,0.785714,0.276262,2.84409,0.509452,true
has_enum__AND__has_not,has_enum,has_not,32,4040,0.00785855,39,1674,50,6099,0.78,0.274471,2.84183,0.505529,true
has_boolean_schema__AND__has_not,has_boolean_schema,has_not,26,4046,0.00638507,31,1682,40,6109,0.775,0.275331,2.81479,0.499669,true
has_anyOf__AND__has_oneOf,has_anyOf,has_oneOf,29,4043,0.00712181,37,1676,48,6101,0.770833,0.274709,2.806,0.496124,true
has_maxItems__AND__has_oneOf,has_maxItems,has_oneOf,32,4040,0.00785855,30,1683,39,6110,0.769231,0.27545,2.79263,0.493781,true
has_additionalProperties__AND__has_not,has_additionalProperties,has_not,26,4046,0.00638507,30,1683,39,6110,0.769231,0.27545,2.79263,0.493781,true
has_allOf__AND__has_maxLength,has_allOf,has_maxLength,14,4058,0.00343811,17,1696,22,6127,0.772727,0.276808,2.79157,0.49592,true
has_not__AND__has_properties,has_not,has_properties,38,4034,0.00933202,43,1670,57,6092,0.754386,0.27413,2.75193,0.480256,true
has_minLength__AND__has_not,has_minLength,has_not,14,4058,0.00343811,16,1697,21,6128,0.761905,0.276926,2.7513,0.484979,true
has_items__AND__has_not,has_items,has_not,24,4048,0.00589391,28,1685,37,6112,0.756757,0.275687,2.74498,0.48107,true
has_not__AND__has_required,has_not,has_required,36,4036,0.00884086,41,1672,55,6094,0.745455,0.274368,2.71699,0.471086,true
has_maxItems__AND__has_maxLength,has_maxItems,has_maxLength,40,4032,0.00982318,28,1685,38,6111,0.736842,0.275732,2.67231,0.46111,true
has_minItems__AND__has_not,has_minItems,has_not,15,4057,0.00368369,17,1696,23,6126,0.73913,0.276853,2.66976,0.462278,true
has_not__AND__has_type,has_not,has_type,39,4033,0.0095776,43,1670,59,6090,0.728814,0.27422,2.65777,0.454594,true
has_anyOf__AND__has_not,has_anyOf,has_not,19,4053,0.00466601,19,1694,26,6123,0.730769,0.276662,2.64138,0.454107,true
has_maximum__AND__has_oneOf,has_maximum,has_oneOf,28,4044,0.00687623,31,1682,43,6106,0.72093,0.275467,2.61712,0.445463,true
has_allOf__AND__has_anyOf,has_allOf,has_anyOf,23,4049,0.00564833,28,1685,39,6110,0.717949,0.275777,2.60336,0.442171,true
has_anyOf__AND__has_enum,has_anyOf,has_enum,105,3967,0.0257859,113,1600,165,5984,0.684848,0.26738,2.56133,0.417469,true
has_defs__AND__has_oneOf,has_defs,has_oneOf,153,3919,0.0375737,175,1538,262,5887,0.667939,0.261254,2.55667,0.406685,true
has_oneOf__AND__has_ref,has_oneOf,has_ref,151,3921,0.0370825,172,1541,259,5890,0.664093,0.26163,2.53829,0.402463,true
has_oneOf__AND__has_pattern,has_oneOf,has_pattern,104,3968,0.0255403,103,1610,152,5997,0.677632,0.268468,2.52407,0.409164,true
has_items__AND__has_minProperties,has_items,has_minProperties,29,4043,0.00712181,36,1677,52,6097,0.692308,0.275053,2.51699,0.417254,true
has_minLength__AND__has_oneOf,has_minLength,has_oneOf,93,3979,0.0228389,92,1621,140,6009,0.657143,0.269762,2.43601,0.387381,true
has_default__AND__has_ref,has_default,has_ref,92,3980,0.0225933,105,1608,161,5988,0.652174,0.268537,2.42862,0.383637,true
has_anyOf__AND__has_ref,has_anyOf,has_ref,119,3953,0.029224,122,1591,190,5959,0.642105,0.266991,2.40497,0.375114,true
has_minimum__AND__has_oneOf,has_minimum,has_oneOf,55,4017,0.0135069,58,1655,89,6060,0.651685,0.273102,2.38623,0.378583,true
has_maxItems__AND__has_minLength,has_maxItems,has_minLength,41,4031,0.0100688,27,1686,41,6108,0.658537,0.276031,2.38573,0.382505,true
has_allOf__AND__has_minLength,has_allOf,has_minLength,24,4048,0.00589391,27,1686,41,6108,0.658537,0.276031,2.38573,0.382505,true
has_anyOf__AND__has_defs,has_anyOf,has_defs,122,3950,0.0299607,123,1590,194,5955,0.634021,0.267003,2.37459,0.367018,true
has_minItems__AND__has_ref,has_minItems,has_ref,119,3953,0.029224,121,1592,193,5956,0.626943,0.267293,2.34552,0.35965,true
has_minItems__AND__has_oneOf,has_minItems,has_oneOf,77,3995,0.0189096,81,1632,128,6021,0.632812,0.271051,2.33466,0.361761,true
has_defs__AND__has_enum,has_defs,has_enum,333,3739,0.081778,319,1394,549,5600,0.581056,0.248929,2.33423,0.332128,true
has_maxLength__AND__has_oneOf,has_maxLength,has_oneOf,64,4008,0.0157171,53,1660,83,6066,0.638554,0.273656,2.33342,0.364898,true
has_minProperties__AND__has_required,has_minProperties,has_required,44,4028,0.0108055,46,1667,72,6077,0.638889,0.274313,2.32905,0.364576,true
has_anyOf__AND__has_pattern,has_anyOf,has_pattern,52,4020,0.0127701,51,1662,80,6069,0.6375,0.273851,2.32791,0.363649,true
has_defs__AND__has_minItems,has_defs,has_minItems,123,3949,0.0302063,124,1589,200,5949,0.62,0.267104,2.3212,0.352896,true
has_allOf__AND__has_minItems,has_allOf,has_minItems,22,4050,0.00540275,23,1690,36,6113,0.638889,0.27646,2.31096,0.362429,true
has_default__AND__has_defs,has_default,has_defs,105,3967,0.0257859,111,1602,180,5969,0.616667,0.268387,2.29768,0.34828,true
has_enum__AND__has_ref,has_enum,has_ref,314,3758,0.077112,296,1417,514,5635,0.575875,0.251464,2.29009,0.324411,true
has_anyOf__AND__has_maxLength,has_anyOf,has_maxLength,20,4052,0.00491159,19,1694,30,6119,0.633333,0.276843,2.2877,0.356491,true
has_boolean_schema__AND__has_minProperties,has_boolean_schema,has_minProperties,39,4033,0.0095776,38,1675,62,6087,0.612903,0.275177,2.22731,0.337727,true
has_items__AND__has_oneOf,has_items,has_oneOf,217,3855,0.0532908,208,1505,361,5788,0.576177,0.260021,2.21589,0.316157,true
has_defs__AND__has_maximum,has_defs,has_maximum,46,4026,0.0112967,44,1669,73,6076,0.60274,0.274687,2.19428,0.328052,true
has_maximum__AND__has_ref,has_maximum,has_ref,48,4024,0.0117878,46,1667,77,6072,0.597403,0.274539,2.17602,0.322864,true
has_enum__AND__has_oneOf,has_enum,has_oneOf,195,3877,0.047888,176,1537,311,5838,0.565916,0.263275,2.14953,0.302641,true
has_anyOf__AND__has_items,has_anyOf,has_items,139,3933,0.0341356,128,1585,224,5925,0.571429,0.267511,2.1361,0.303918,true
has_oneOf__AND__has_required,has_oneOf,has_required,277,3795,0.0680255,244,1469,451,5698,0.54102,0.25781,2.09852,0.28321,true
has_minProperties__AND__has_properties,has_minProperties,has_properties,49,4023,0.0120334,46,1667,80,6069,0.575,0.274675,2.09339,0.300325,true
has_additionalProperties__AND__has_anyOf,has_additionalProperties,has_anyOf,120,3952,0.0294695,103,1610,183,5966,0.562842,0.269863,2.08566,0.292979,true
has_anyOf__AND__has_minLength,has_anyOf,has_minLength,41,4031,0.0100688,39,1674,68,6081,0.573529,0.275284,2.08341,0.298246,true
has_minimum__AND__has_ref,has_minimum,has_ref,104,3968,0.0255403,95,1618,170,5979,0.558824,0.270614,2.06502,0.28821,true
has_maxLength__AND__has_maximum,has_maxLength,has_maximum,60,4012,0.0147348,42,1671,74,6075,0.567568,0.275062,2.06342,0.292506,true
has_oneOf__AND__has_type,has_oneOf,has_type,329,3743,0.0807957,276,1437,524,5625,0.526718,0.255467,2.06179,0.271251,true
has_oneOf__AND__has_properties,has_oneOf,has_properties,324,3748,0.0795678,272,1441,516,5633,0.527132,0.255814,2.06061,0.271318,true
has_minLength__AND__has_ref,has_minLength,has_ref,86,3986,0.0211198,80,1633,143,6006,0.559441,0.271895,2.05756,0.287546,true
has_anyOf__AND__has_minimum,has_anyOf,has_minimum,34,4038,0.00834971,30,1683,53,6096,0.566038,0.276083,2.05025,0.289955,true
has_defs__AND__has_minimum,has_defs,has_minimum,103,3969,0.0252947,93,1620,168,5981,0.553571,0.270858,2.04377,0.282714,true
has_anyOf__AND__has_required,has_anyOf,has_required,179,3893,0.0439587,151,1562,278,5871,0.543165,0.266053,2.04156,0.277112,true
has_enum__AND__has_maxItems,has_enum,has_maxItems,70,4002,0.0171906,45,1668,81,6068,0.555556,0.274885,2.02105,0.280671,true
has_additionalProperties__AND__has_minProperties,has_additionalProperties,has_minProperties,46,4026,0.0112967,41,1672,74,6075,0.554054,0.275226,2.01309,0.278828,true
has_defs__AND__has_minLength,has_defs,has_minLength,91,3981,0.0223477,82,1631,150,5999,0.546667,0.271879,2.0107,0.274788,true
has_const__AND__has_defs,has_const,has_defs,12,4060,0.00294695,11,1702,20,6129,0.55,0.277696,1.98058,0.272304,true
has_defs__AND__has_required,has_defs,has_required,595,3477,0.14612,459,1254,960,5189,0.478125,0.241665,1.97846,0.23646,true
has_enum__AND__has_pattern,has_enum,has_pattern,373,3699,0.0916012,252,1461,496,5653,0.508065,0.258447,1.96584,0.249618,true
has_anyOf__AND__has_boolean_schema,has_anyOf,has_boolean_schema,113,3959,0.0277505,91,1622,171,5978,0.532164,0.271328,1.96133,0.260836,true
has_additionalProperties__AND__has_oneOf,has_additionalProperties,has_oneOf,202,3870,0.0496071,164,1549,315,5834,0.520635,0.265513,1.96087,0.255122,true
has_boolean_schema__AND__has_oneOf,has_boolean_schema,has_oneOf,195,3877,0.047888,157,1556,302,5847,0.519868,0.266119,1.95351,0.253748,true
has_defs__AND__has_pattern,has_defs,has_pattern,205,3867,0.0503438,165,1548,320,5829,0.515625,0.265569,1.94159,0.250056,true
has_maxItems__AND__has_minimum,has_maxItems,has_minimum,30,4042,0.00736739,22,1691,41,6108,0.536585,0.27685,1.93818,0.259735,true
has_ref__AND__has_required,has_ref,has_required,559,3513,0.137279,428,1285,902,5247,0.474501,0.244902,1.93752,0.229599,true
has_enum__AND__has_maximum,has_enum,has_maximum,110,3962,0.0270138,79,1634,150,5999,0.526667,0.272379,1.93358,0.254288,true
has_minItems__AND__has_pattern,has_minItems,has_pattern,98,3974,0.0240668,79,1634,150,5999,0.526667,0.272379,1.93358,0.254288,true
has_anyOf__AND__has_maximum,has_anyOf,has_maximum,21,4051,0.00515717,17,1696,32,6117,0.53125,0.27726,1.91607,0.25399,true
has_additionalProperties__AND__has_pattern,has_additionalProperties,has_pattern,486,3586,0.119352,337,1376,697,5452,0.483501,0.252384,1.91573,0.231116,true
has_defs__AND__has_maxLength,has_defs,has_maxLength,49,4023,0.0120334,40,1673,76,6073,0.526316,0.275482,1.91053,0.250834,true
has_maxLength__AND__has_ref,has_maxLength,has_ref,46,4026,0.0112967,38,1675,73,6076,0.520548,0.275675,1.88827,0.244873,true
has_boolean_schema__AND__has_pattern,has_boolean_schema,has_pattern,476,3596,0.116896,326,1387,682,5467,0.478006,0.253704,1.88411,0.224302,true
has_maxItems__AND__has_maximum,has_maxItems,has_maximum,18,4054,0.00442043,12,1701,23,6126,0.521739,0.277669,1.879,0.24407,true
has_const__AND__has_items,has_const,has_items,14,4058,0.00343811,12,1701,23,6126,0.521739,0.277669,1.879,0.24407,true
has_pattern__AND__has_ref,has_pattern,has_ref,194,3878,0.0476424,152,1561,303,5846,0.50165,0.26702,1.8787,0.23463,true
has_maximum__AND__has_minItems,has_maximum,has_minItems,35,4037,0.00859528,24,1689,47,6102,0.510638,0.276794,1.84483,0.233844,true
has_maximum__AND__has_minLength,has_maximum,has_minLength,54,4018,0.0132613,36,1677,71,6078,0.507042,0.275913,1.83769,0.231129,true
has_defs__AND__has_items,has_defs,has_items,506,3566,0.124263,386,1327,842,5307,0.458432,0.250047,1.83338,0.208385,true
has_items__AND__has_ref,has_items,has_ref,470,3602,0.115422,359,1354,782,5367,0.459079,0.252282,1.8197,0.206797,true
has_enum__AND__has_items,has_enum,has_items,623,3449,0.152996,426,1287,950,5199,0.448421,0.247548,1.81145,0.200873,true
has_defs__AND__has_properties,has_defs,has_properties,773,3299,0.189833,544,1169,1257,4892,0.432776,0.238962,1.81107,0.193815,true
has_pattern__AND__has_required,has_pattern,has_required,606,3466,0.148821,401,1312,890,5259,0.450562,0.249477,1.80602,0.201085,true
has_properties__AND__has_ref,has_properties,has_ref,701,3371,0.172151,498,1215,1139,5010,0.437226,0.242515,1.80288,0.194711,true
has_items__AND__has_pattern,has_items,has_pattern,431,3641,0.105845,290,1423,626,5523,0.463259,0.25765,1.79802,0.205609,true
has_defs__AND__has_type,has_defs,has_type,779,3293,0.191306,542,1171,1261,4888,0.429818,0.239566,1.79415,0.190251,true
has_ref__AND__has_type,has_ref,has_type,705,3367,0.173134,497,1216,1143,5006,0.434821,0.242909,1.79006,0.191912,true
has_minLength__AND__has_pattern,has_minLength,has_pattern,249,3823,0.0611493,151,1562,316,5833,0.477848,0.267787,1.78444,0.210061,true
has_minProperties__AND__has_type,has_minProperties,has_type,61,4011,0.0149804,49,1664,100,6049,0.49,0.275087,1.78126,0.214913,true
has_maximum__AND__has_pattern,has_maximum,has_pattern,73,3999,0.0179273,47,1666,96,6053,0.489583,0.275235,1.77878,0.214348,true
has_enum__AND__has_minItems,has_enum,has_minItems,159,3913,0.0390472,119,1594,248,5901,0.479839,0.270124,1.77637,0.209715,true
has_defs__AND__has_ref,has_defs,has_ref,692,3380,0.169941,486,1227,1123,5026,0.432769,0.244131,1.7727,0.188639,true
has_maxLength__AND__has_pattern,has_maxLength,has_pattern,229,3843,0.0562377,128,1585,270,5879,0.474074,0.269604,1.75841,0.20447,true
has_anyOf__AND__has_properties,has_anyOf,has_properties,218,3854,0.0535363,159,1554,339,5810,0.469027,0.26747,1.75357,0.201557,true
has_enum__AND__has_minLength,has_enum,has_minLength,242,3830,0.0594303,143,1570,304,5845,0.470395,0.268606,1.75125,0.201789,true
has_anyOf__AND__has_minItems,has_anyOf,has_minItems,54,4018,0.0132613,40,1673,83,6066,0.481928,0.2758,1.74738,0.206128,true
has_minItems__AND__has_minProperties,has_minItems,has_minProperties,17,4055,0.00417485,15,1698,31,6118,0.483871,0.277542,1.74342,0.206329,true
has_minimum__AND__has_pattern,has_minimum,has_pattern,133,3939,0.0326621,93,1620,197,5952,0.472081,0.272177,1.73446,0.199904,true
has_anyOf__AND__has_type,has_anyOf,has_type,220,3852,0.0540275,158,1555,341,5808,0.463343,0.267734,1.73061,0.195609,true
has_default__AND__has_items,has_default,has_items,252,3820,0.0618861,186,1527,406,5743,0.458128,0.265889,1.72301,0.192239,true
has_const__AND__has_required,has_const,has_required,23,4049,0.00564833,18,1695,38,6111,0.473684,0.277369,1.70778,0.196316,true
has_maxItems__AND__has_required,has_maxItems,has_required,99,3973,0.0243124,62,1651,133,6016,0.466165,0.274435,1.69864,0.191731,true
has_default__AND__has_minItems,has_default,has_minItems,48,4024,0.0117878,35,1678,75,6074,0.466667,0.276259,1.68923,0.190407,true
has_items__AND__has_minLength,has_items,has_minLength,272,3800,0.0667976,173,1540,386,5763,0.448187,0.267222,1.67721,0.180965,true
has_maxLength__AND__has_minItems,has_maxLength,has_minItems,42,4030,0.0103143,30,1683,65,6084,0.461538,0.276627,1.66845,0.184911,true
has_enum__AND__has_minimum,has_enum,has_minimum,194,3878,0.0476424,130,1583,290,5859,0.448276,0.270183,1.65916,0.178093,true
has_additionalProperties__AND__has_defs,has_additionalProperties,has_defs,464,3608,0.113949,325,1388,765,5384,0.424837,0.257801,1.64793,0.167036,true
has_pattern__AND__has_properties,has_pattern,has_properties,782,3290,0.192043,466,1247,1138,5011,0.40949,0.248853,1.64551,0.160638,true
has_items__AND__has_maxLength,has_items,has_maxLength,176,3896,0.043222,98,1615,219,5930,0.447489,0.272344,1.6431,0.175145,true
has_default__AND__has_maxLength,has_default,has_maxLength,68,4004,0.0166994,34,1679,75,6074,0.453333,0.276424,1.63999,0.176909,true
has_additionalProperties__AND__has_const,has_additionalProperties,has_const,24,4048,0.00589391,18,1695,40,6109,0.45,0.277459,1.62186,0.172541,true
has_default__AND__has_enum,has_default,has_enum,285,3787,0.0699902,177,1536,410,5739,0.431707,0.267642,1.613,0.164065,true
has_pattern__AND__has_type,has_pattern,has_type,793,3279,0.194745,463,1250,1149,5000,0.402959,0.25,1.61184,0.152959,true
has_enum__AND__has_maxLength,has_enum,has_maxLength,224,3848,0.0550098,114,1599,262,5887,0.435115,0.271615,1.60195,0.163499,true
has_additionalProperties__AND__has_maximum,has_additionalProperties,has_maximum,123,3949,0.0302063,75,1638,174,5975,0.431034,0.274142,1.5723,0.156892,true
has_default__AND__has_minLength,has_default,has_minLength,69,4003,0.016945,35,1678,81,6068,0.432099,0.276533,1.56256,0.155566,true
has_boolean_schema__AND__has_maximum,has_boolean_schema,has_maximum,121,3951,0.0297151,72,1641,169,5980,0.426036,0.274415,1.55252,0.151621,true
has_additionalProperties__AND__has_ref,has_additionalProperties,has_ref,429,3643,0.105354,287,1426,706,5443,0.406516,0.261988,1.55166,0.144528,true
has_boolean_schema__AND__has_defs,has_boolean_schema,has_defs,440,3632,0.108055,293,1420,724,5425,0.404696,0.261751,1.54611,0.142945,true
has_minItems__AND__has_minimum,has_minItems,has_minimum,88,3984,0.021611,57,1656,135,6014,0.422222,0.275357,1.53336,0.146865,true
has_maxLength__AND__has_minimum,has_maxLength,has_minimum,94,3978,0.0230845,55,1658,131,6018,0.419847,0.275507,1.52391,0.144341,true
has_items__AND__has_required,has_items,has_required,1326,2746,0.325639,747,966,2079,4070,0.359307,0.237346,1.51385,0.121961,true
has_additionalProperties__AND__has_items,has_additionalProperties,has_items,893,3179,0.219303,517,1196,1374,4775,0.376274,0.250471,1.50226,0.125802,true
has_maxLength__AND__has_minLength,has_maxLength,has_minLength,324,3748,0.0795678,156,1557,390,5759,0.4,0.270359,1.47951,0.129641,true
has_items__AND__has_maximum,has_items,has_maximum,86,3986,0.0211198,51,1662,125,6024,0.408,0.275896,1.47882,0.132104,true
has_minLength__AND__has_minimum,has_minLength,has_minimum,101,3971,0.0248035,61,1652,150,5999,0.406667,0.275379,1.47675,0.131287,true
has_const__AND__has_properties,has_const,has_properties,29,4043,0.00712181,20,1693,49,6100,0.408163,0.277541,1.47064,0.130622,true
has_const__AND__has_type,has_const,has_type,29,4043,0.00712181,20,1693,49,6100,0.408163,0.277541,1.47064,0.130622,true
has_additionalProperties__AND__has_maxLength,has_additionalProperties,has_maxLength,295,3777,0.072446,143,1570,359,5790,0.398329,0.271157,1.469,0.127172,true
has_default__AND__has_oneOf,has_default,has_oneOf,51,4021,0.0125246,34,1679,84,6065,0.404762,0.276834,1.46211,0.127928,true
has_additionalProperties__AND__has_enum,has_additionalProperties,has_enum,671,3401,0.164784,377,1336,996,5153,0.378514,0.259266,1.45994,0.119248,true
has_boolean_schema__AND__has_const,has_boolean_schema,has_const,22,4050,0.00540275,15,1698,37,6112,0.405405,0.277814,1.45927,0.127591,true
has_maxItems__AND__has_pattern,has_maxItems,has_pattern,66,4006,0.0162083,33,1680,82,6067,0.402439,0.276908,1.45333,0.125531,true
has_boolean_schema__AND__has_ref,has_boolean_schema,has_ref,405,3667,0.0994597,255,1458,665,5484,0.383459,0.265864,1.44231,0.117594,true
has_enum__AND__has_required,has_enum,has_required,1017,3055,0.249754,564,1149,1562,4587,0.361076,0.250491,1.44147,0.110585,true
has_boolean_schema__AND__has_maxLength,has_boolean_schema,has_maxLength,293,3779,0.0719548,139,1574,355,5794,0.391549,0.27166,1.44132,0.119889,true
has_default__AND__has_required,has_default,has_required,555,3517,0.136297,320,1393,847,5302,0.377804,0.262731,1.43799,0.115073,true
has_minItems__AND__has_minLength,has_minItems,has_minLength,110,3962,0.0270138,69,1644,176,5973,0.392045,0.275239,1.42438,0.116807,true
has_boolean_schema__AND__has_items,has_boolean_schema,has_items,863,3209,0.211935,481,1232,1324,4825,0.363293,0.255337,1.4228,0.107956,true
has_additionalProperties__AND__has_default,has_additionalProperties,has_default,318,3754,0.0780943,180,1533,469,5680,0.383795,0.269894,1.42202,0.113901,true
has_maxItems__AND__has_minItems,has_maxItems,has_minItems,91,3981,0.0223477,52,1661,133,6016,0.390977,0.276097,1.41609,0.11488,true
has_boolean_schema__AND__has_enum,has_boolean_schema,has_enum,653,3419,0.160363,357,1356,967,5182,0.369183,0.261675,1.41085,0.107508,true
has_enum__AND__has_properties,has_enum,has_properties,1366,2706,0.335462,699,1014,2026,4123,0.345015,0.245937,1.40286,0.0990774,true
has_enum__AND__has_type,has_enum,has_type,1379,2693,0.338654,697,1016,2038,4111,0.342002,0.247142,1.38383,0.0948601,true
has_items__AND__has_properties,has_items,has_properties,1693,2379,0.415766,865,848,2638,3511,0.3279,0.241527,1.35761,0.0863733,true
has_default__AND__has_pattern,has_default,has_pattern,180,3892,0.0442043,93,1620,251,5898,0.370518,0.274669,1.34896,0.0958485,true
has_items__AND__has_minimum,has_items,has_minimum,216,3856,0.0530452,127,1586,345,5804,0.368116,0.27326,1.34713,0.0948561,true
has_items__AND__has_type,has_items,has_type,1721,2351,0.422642,869,844,2669,3480,0.32559,0.242529,1.34248,0.0830614,true
has_boolean_schema__AND__has_default,has_boolean_schema,has_default,300,3772,0.0736739,159,1554,437,5712,0.363844,0.272059,1.33737,0.0917856,true
has_additionalProperties__AND__has_minLength,has_additionalProperties,has_minLength,330,3742,0.0810413,157,1556,436,5713,0.360092,0.272361,1.32211,0.0877305,true
has_maximum__AND__has_required,has_maximum,has_required,168,3904,0.0412574,89,1624,246,5903,0.361789,0.275114,1.31505,0.0866743,true
has_maxItems__AND__has_properties,has_maxItems,has_properties,140,3932,0.0343811,68,1645,188,5961,0.361702,0.27596,1.3107,0.0857417,true
has_minItems__AND__has_required,has_minItems,has_required,358,3714,0.0879175,200,1513,565,5584,0.353982,0.270953,1.30644,0.0830296,true
has_boolean_schema__AND__has_minLength,has_boolean_schema,has_minLength,326,3746,0.0800589,152,1561,428,5721,0.35514,0.272854,1.30157,0.0822858,true
has_minItems__AND__has_properties,has_minItems,has_properties,378,3694,0.0928291,210,1503,597,5552,0.351759,0.270713,1.29938,0.0810455,true
has_additionalProperties__AND__has_minItems,has_additionalProperties,has_minItems,186,3886,0.0456778,105,1608,295,5854,0.355932,0.274684,1.29579,0.0812482,true
has_items__AND__has_minItems,has_items,has_minItems,377,3695,0.0925835,207,1506,590,5559,0.350847,0.270912,1.29506,0.0799354,true
has_minLength__AND__has_type,has_minLength,has_type,561,3511,0.13777,266,1447,765,5384,0.347712,0.268759,1.29377,0.0789531,true
has_maxLength__AND__has_type,has_maxLength,has_type,448,3624,0.11002,198,1515,567,5582,0.349206,0.271408,1.28665,0.0777983,true
has_minLength__AND__has_properties,has_minLength,has_properties,556,3516,0.136542,263,1450,760,5389,0.346053,0.269067,1.28612,0.076986,true
has_items__AND__has_maxItems,has_items,has_maxItems,140,3932,0.0343811,66,1647,186,5963,0.354839,0.276203,1.2847,0.0786355,true
has_maxLength__AND__has_properties,has_maxLength,has_properties,443,3629,0.108792,196,1517,564,5585,0.347518,0.27162,1.27942,0.0758973,true
has_boolean_schema__AND__has_minItems,has_boolean_schema,has_minItems,184,3888,0.0451866,103,1610,293,5856,0.351536,0.274932,1.27863,0.0766041,true
has_minItems__AND__has_type,has_minItems,has_type,387,3685,0.0950393,209,1504,607,5542,0.344316,0.271382,1.26875,0.0729341,true
has_properties__AND__has_required,has_properties,has_required,2871,1201,0.705059,1309,404,4424,1725,0.295886,0.234203,1.26337,0.0616832,true
has_minLength__AND__has_required,has_minLength,has_required,463,3609,0.113703,227,1486,666,5483,0.340841,0.27102,1.25762,0.0698213,true
has_required__AND__has_type,has_required,has_type,2870,1202,0.704813,1307,406,4423,1726,0.295501,0.235226,1.25624,0.0602748,true
has_maxItems__AND__has_type,has_maxItems,has_type,141,3931,0.0346267,65,1648,188,5961,0.345745,0.276464,1.2506,0.069281,true
has_additionalProperties__AND__has_required,has_additionalProperties,has_required,1436,2636,0.352652,699,1014,2186,3963,0.319762,0.255867,1.24972,0.0638954,true
has_maxLength__AND__has_required,has_maxLength,has_required,338,3734,0.0830059,156,1557,458,5691,0.340611,0.27359,1.24497,0.0670215,true
has_maxItems__AND__has_ref,has_maxItems,has_ref,48,4024,0.0117878,28,1685,81,6068,0.345679,0.277686,1.24485,0.0679928,true
has_additionalProperties__AND__has_type,has_additionalProperties,has_type,1839,2233,0.451621,868,845,2782,3367,0.312006,0.250965,1.24322,0.0610405,true
has_maximum__AND__has_type,has_maximum,has_type,217,3855,0.0532908,107,1606,313,5836,0.341853,0.275188,1.24225,0.0666645,true
has_maximum__AND__has_properties,has_maximum,has_properties,212,3860,0.0520629,105,1608,308,5841,0.340909,0.275295,1.23834,0.0656138,true
has_default__AND__has_properties,has_default,has_properties,725,3347,0.178045,365,1348,1106,5043,0.330018,0.267301,1.23463,0.0627169,true
has_additionalProperties__AND__has_maxItems,has_additionalProperties,has_maxItems,99,3973,0.0243124,43,1670,126,6023,0.34127,0.27727,1.23082,0.0639994,true
has_default__AND__has_type,has_default,has_type,737,3335,0.180992,367,1346,1118,5031,0.328265,0.267541,1.22697,0.0607235,true
has_maximum__AND__has_minimum,has_maximum,has_minimum,212,3860,0.0520629,103,1610,305,5844,0.337705,0.275496,1.22581,0.0622087,true
has_defs__AND__has_maxItems,has_defs,has_maxItems,48,4024,0.0117878,27,1686,80,6069,0.3375,0.277805,1.21488,0.0596948,true
has_additionalProperties__AND__has_properties,has_additionalProperties,has_properties,1814,2258,0.445481,848,865,2749,3400,0.308476,0.254412,1.21251,0.054064,true
has_boolean_schema__AND__has_required,has_boolean_schema,has_required,1399,2673,0.343566,666,1047,2121,4028,0.314003,0.25993,1.20803,0.0540723,true
has_default__AND__has_maximum,has_default,has_maximum,69,4003,0.016945,32,1681,98,6051,0.326531,0.277805,1.17539,0.0487253,true
has_boolean_schema__AND__has_maxItems,has_boolean_schema,has_maxItems,98,3974,0.0240668,40,1673,123,6026,0.325203,0.27763,1.17135,0.047573,true
has_boolean_schema__AND__has_type,has_boolean_schema,has_type,1782,2290,0.437623,814,899,2686,3463,0.303053,0.259602,1.16738,0.0434514,true
has_additionalProperties__AND__has_boolean_schema,has_additionalProperties,has_boolean_schema,1770,2302,0.434676,804,909,2666,3483,0.301575,0.260982,1.15554,0.0405935,true
has_additionalProperties__AND__has_minimum,has_additionalProperties,has_minimum,250,3822,0.0613949,120,1593,377,5772,0.318302,0.275988,1.15332,0.0423149,true
has_properties__AND__has_type,has_properties,has_type,3946,126,0.969057,1677,36,6001,148,0.279453,0.243243,1.14886,0.0362102,true
has_boolean_schema__AND__has_properties,has_boolean_schema,has_properties,1764,2308,0.433202,797,916,2663,3486,0.299287,0.262765,1.13899,0.0365212,true
has_boolean_schema__AND__has_minimum,has_boolean_schema,has_minimum,243,3829,0.0596758,113,1600,364,5785,0.31044,0.276577,1.12243,0.0338622,true
has_minimum__AND__has_required,has_minimum,has_required,451,3621,0.110756,184,1529,712,5437,0.258427,0.281221,0.918945,-0.0227943,true
has_minimum__AND__has_properties,has_minimum,has_properties,541,3531,0.132859,212,1501,837,5312,0.253286,0.282568,0.896371,-0.0292822,true
has_minimum__AND__has_type,has_minimum,has_type,551,3521,0.135314,214,1499,847,5302,0.252656,0.282724,0.893652,-0.0300671,true
has_default__AND__has_minimum,has_default,has_minimum,174,3898,0.0427308,59,1654,259,5890,0.227799,0.280815,0.811208,-0.0530157,true
has_multipleOf__AND__has_required,has_multipleOf,has_required,18,4054,0.00442043,5,1708,29,6120,0.172414,0.279085,0.617782,-0.106671,true
has_additionalProperties__AND__has_multipleOf,has_additionalProperties,has_multipleOf,22,4050,0.00540275,5,1708,36,6113,0.138889,0.279405,0.497089,-0.140516,true
has_boolean_schema__AND__has_multipleOf,has_boolean_schema,has_multipleOf,22,4050,0.00540275,5,1708,36,6113,0.138889,0.279405,0.497089,-0.140516,true
has_multipleOf__AND__has_properties,has_multipleOf,has_properties,25,4047,0.00613949,5,1708,40,6109,0.125,0.279587,0.447087,-0.154587,true
has_multipleOf__AND__has_type,has_multipleOf,has_type,25,4047,0.00613949,5,1708,40,6109,0.125,0.279587,0.447087,-0.154587,true
has_defs__AND__has_maxProperties,has_defs,has_maxProperties,10,4062,0.0024558,16,1697,16,6133,1,0.2767,3.61402,0.7233,false
has_maxProperties__AND__has_ref,has_maxProperties,has_ref,10,4062,0.0024558,16,1697,16,6133,1,0.2767,3.61402,0.7233,false
has_not__AND__has_patternProperties,has_not,has_patternProperties,6,4066,0.00147348,9,1704,9,6140,1,0.277524,3.60329,0.722476,false
has_allOf__AND__has_patternProperties,has_allOf,has_patternProperties,5,4067,0.0012279,9,1704,9,6140,1,0.277524,3.60329,0.722476,false
has_additionalProperties__AND__has_if_then_else,has_additionalProperties,has_if_then_else,4,4068,0.000982318,7,1706,7,6142,1,0.27776,3.60023,0.72224,false
has_const__AND__has_if_then_else,has_const,has_if_then_else,4,4068,0.000982318,7,1706,7,6142,1,0.27776,3.60023,0.72224,false
has_defs__AND__has_if_then_else,has_defs,has_if_then_else,4,4068,0.000982318,7,1706,7,6142,1,0.27776,3.60023,0.72224,false
has_boolean_schema__AND__has_if_then_else,has_boolean_schema,has_if_then_else,3,4069,0.000736739,6,1707,6,6143,1,0.277877,3.59871,0.722123,false
has_minProperties__AND__has_not,has_minProperties,has_not,4,4068,0.000982318,5,1708,5,6144,1,0.277995,3.59719,0.722005,false
has_additionalProperties__AND__has_exclusiveMaximum,has_additionalProperties,has_exclusiveMaximum,3,4069,0.000736739,5,1708,5,6144,1,0.277995,3.59719,0.722005,false
has_anyOf__AND__has_if_then_else,has_anyOf,has_if_then_else,3,4069,0.000736739,5,1708,5,6144,1,0.277995,3.59719,0.722005,false
has_boolean_schema__AND__has_exclusiveMaximum,has_boolean_schema,has_exclusiveMaximum,3,4069,0.000736739,5,1708,5,6144,1,0.277995,3.59719,0.722005,false
has_enum__AND__has_exclusiveMaximum,has_enum,has_exclusiveMaximum,3,4069,0.000736739,5,1708,5,6144,1,0.277995,3.59719,0.722005,false
has_exclusiveMaximum__AND__has_items,has_exclusiveMaximum,has_items,3,4069,0.000736739,5,1708,5,6144,1,0.277995,3.59719,0.722005,false
has_exclusiveMaximum__AND__has_maxItems,has_exclusiveMaximum,has_maxItems,3,4069,0.000736739,5,1708,5,6144,1,0.277995,3.59719,0.722005,false
has_exclusiveMaximum__AND__has_maxLength,has_exclusiveMaximum,has_maxLength,3,4069,0.000736739,5,1708,5,6144,1,0.277995,3.59719,0.722005,false
has_exclusiveMaximum__AND__has_minItems,has_exclusiveMaximum,has_minItems,3,4069,0.000736739,5,1708,5,6144,1,0.277995,3.59719,0.722005,false
has_exclusiveMaximum__AND__has_minLength,has_exclusiveMaximum,has_minLength,3,4069,0.000736739,5,1708,5,6144,1,0.277995,3.59719,0.722005,false
has_exclusiveMaximum__AND__has_minimum,has_exclusiveMaximum,has_minimum,3,4069,0.000736739,5,1708,5,6144,1,0.277995,3.59719,0.722005,false
has_exclusiveMaximum__AND__has_pattern,has_exclusiveMaximum,has_pattern,3,4069,0.000736739,5,1708,5,6144,1,0.277995,3.59719,0.722005,false
has_exclusiveMaximum__AND__has_properties,has_exclusiveMaximum,has_properties,3,4069,0.000736739,5,1708,5,6144,1,0.277995,3.59719,0.722005,false
has_exclusiveMaximum__AND__has_required,has_exclusiveMaximum,has_required,3,4069,0.000736739,5,1708,5,6144,1,0.277995,3.59719,0.722005,false
has_exclusiveMaximum__AND__has_type,has_exclusiveMaximum,has_type,3,4069,0.000736739,5,1708,5,6144,1,0.277995,3.59719,0.722005,false
has_if_then_else__AND__has_items,has_if_then_else,has_items,3,4069,0.000736739,5,1708,5,6144,1,0.277995,3.59719,0.722005,false
has_if_then_else__AND__has_minItems,has_if_then_else,has_minItems,3,4069,0.000736739,5,1708,5,6144,1,0.277995,3.59719,0.722005,false
has_if_then_else__AND__has_pattern,has_if_then_else,has_pattern,3,4069,0.000736739,5,1708,5,6144,1,0.277995,3.59719,0.722005,false
has_additionalProperties__AND__has_propertyNames,has_additionalProperties,has_propertyNames,3,4069,0.000736739,4,1709,4,6145,1,0.278112,3.59567,0.721888,false
has_enum__AND__has_propertyNames,has_enum,has_propertyNames,3,4069,0.000736739,4,1709,4,6145,1,0.278112,3.59567,0.721888,false
has_pattern__AND__has_propertyNames,has_pattern,has_propertyNames,3,4069,0.000736739,4,1709,4,6145,1,0.278112,3.59567,0.721888,false
has_properties__AND__has_propertyNames,has_properties,has_propertyNames,3,4069,0.000736739,4,1709,4,6145,1,0.278112,3.59567,0.721888,false
has_propertyNames__AND__has_required,has_propertyNames,has_required,3,4069,0.000736739,4,1709,4,6145,1,0.278112,3.59567,0.721888,false
has_propertyNames__AND__has_type,has_propertyNames,has_type,3,4069,0.000736739,4,1709,4,6145,1,0.278112,3.59567,0.721888,false
has_defs__AND__has_propertyNames,has_defs,has_propertyNames,2,4070,0.000491159,3,1710,3,6146,1,0.27823,3.59415,0.72177,false
has_if_then_else__AND__has_patternProperties,has_if_then_else,has_patternProperties,2,4070,0.000491159,3,1710,3,6146,1,0.27823,3.59415,0.72177,false
has_if_then_else__AND__has_ref,has_if_then_else,has_ref,2,4070,0.000491159,3,1710,3,6146,1,0.27823,3.59415,0.72177,false
has_items__AND__has_propertyNames,has_items,has_propertyNames,2,4070,0.000491159,3,1710,3,6146,1,0.27823,3.59415,0.72177,false
has_propertyNames__AND__has_ref,has_propertyNames,has_ref,2,4070,0.000491159,3,1710,3,6146,1,0.27823,3.59415,0.72177,false
has_anyOf__AND__has_propertyNames,has_anyOf,has_propertyNames,2,4070,0.000491159,2,1711,2,6147,1,0.278347,3.59264,0.721653,false
has_const__AND__has_propertyNames,has_const,has_propertyNames,2,4070,0.000491159,2,1711,2,6147,1,0.278347,3.59264,0.721653,false
has_allOf__AND__has_minProperties,has_allOf,has_minProperties,1,4071,0.00024558,2,1711,2,6147,1,0.278347,3.59264,0.721653,false
has_default__AND__has_if_then_else,has_default,has_if_then_else,1,4071,0.00024558,2,1711,2,6147,1,0.278347,3.59264,0.721653,false
has_if_then_else__AND__has_not,has_if_then_else,has_not,1,4071,0.00024558,2,1711,2,6147,1,0.278347,3.59264,0.721653,false
has_if_then_else__AND__has_oneOf,has_if_then_else,has_oneOf,1,4071,0.00024558,2,1711,2,6147,1,0.278347,3.59264,0.721653,false
has_maxProperties__AND__has_minLength,has_maxProperties,has_minLength,1,4071,0.00024558,2,1711,2,6147,1,0.278347,3.59264,0.721653,false
has_maxLength__AND__has_maxProperties,has_maxLength,has_maxProperties,2,4070,0.000491159,1,1712,1,6148,1,0.278465,3.59112,0.721535,false
has_additionalProperties__AND__has_contains,has_additionalProperties,has_contains,1,4071,0.00024558,1,1712,1,6148,1,0.278465,3.59112,0.721535,false
has_anyOf__AND__has_contains,has_anyOf,has_contains,1,4071,0.00024558,1,1712,1,6148,1,0.278465,3.59112,0.721535,false
has_boolean_schema__AND__has_propertyNames,has_boolean_schema,has_propertyNames,1,4071,0.00024558,1,1712,1,6148,1,0.278465,3.59112,0.721535,false
has_const__AND__has_contains,has_const,has_contains,1,4071,0.00024558,1,1712,1,6148,1,0.278465,3.59112,0.721535,false
has_contains__AND__has_defs,has_contains,has_defs,1,4071,0.00024558,1,1712,1,6148,1,0.278465,3.59112,0.721535,false
has_contains__AND__has_enum,has_contains,has_enum,1,4071,0.00024558,1,1712,1,6148,1,0.278465,3.59112,0.721535,false
has_contains__AND__has_if_then_else,has_contains,has_if_then_else,1,4071,0.00024558,1,1712,1,6148,1,0.278465,3.59112,0.721535,false
has_contains__AND__has_items,has_contains,has_items,1,4071,0.00024558,1,1712,1,6148,1,0.278465,3.59112,0.721535,false
has_contains__AND__has_minItems,has_contains,has_minItems,1,4071,0.00024558,1,1712,1,6148,1,0.278465,3.59112,0.721535,false
has_contains__AND__has_pattern,has_contains,has_pattern,1,4071,0.00024558,1,1712,1,6148,1,0.278465,3.59112,0.721535,false
has_contains__AND__has_patternProperties,has_contains,has_patternProperties,1,4071,0.00024558,1,1712,1,6148,1,0.278465,3.59112,0.721535,false
has_contains__AND__has_properties,has_contains,has_properties,1,4071,0.00024558,1,1712,1,6148,1,0.278465,3.59112,0.721535,false
has_contains__AND__has_propertyNames,has_contains,has_propertyNames,1,4071,0.00024558,1,1712,1,6148,1,0.278465,3.59112,0.721535,false
has_contains__AND__has_ref,has_contains,has_ref,1,4071,0.00024558,1,1712,1,6148,1,0.278465,3.59112,0.721535,false
has_contains__AND__has_required,has_contains,has_required,1,4071,0.00024558,1,1712,1,6148,1,0.278465,3.59112,0.721535,false
has_contains__AND__has_type,has_contains,has_type,1,4071,0.00024558,1,1712,1,6148,1,0.278465,3.59112,0.721535,false
has_default__AND__has_multipleOf,has_default,has_multipleOf,1,4071,0.00024558,1,1712,1,6148,1,0.278465,3.59112,0.721535,false
has_if_then_else__AND__has_propertyNames,has_if_then_else,has_propertyNames,1,4071,0.00024558,1,1712,1,6148,1,0.278465,3.59112,0.721535,false
has_maxProperties__AND__has_maximum,has_maxProperties,has_maximum,1,4071,0.00024558,1,1712,1,6148,1,0.278465,3.59112,0.721535,false
has_maxProperties__AND__has_minimum,has_maxProperties,has_minimum,1,4071,0.00024558,1,1712,1,6148,1,0.278465,3.59112,0.721535,false
has_minItems__AND__has_propertyNames,has_minItems,has_propertyNames,1,4071,0.00024558,1,1712,1,6148,1,0.278465,3.59112,0.721535,false
has_minProperties__AND__has_multipleOf,has_minProperties,has_multipleOf,1,4071,0.00024558,1,1712,1,6148,1,0.278465,3.59112,0.721535,false
has_minProperties__AND__has_propertyNames,has_minProperties,has_propertyNames,1,4071,0.00024558,1,1712,1,6148,1,0.278465,3.59112,0.721535,false
has_multipleOf__AND__has_patternProperties,has_multipleOf,has_patternProperties,1,4071,0.00024558,1,1712,1,6148,1,0.278465,3.59112,0.721535,false
has_not__AND__has_propertyNames,has_not,has_propertyNames,1,4071,0.00024558,1,1712,1,6148,1,0.278465,3.59112,0.721535,false
has_patternProperties__AND__has_propertyNames,has_patternProperties,has_propertyNames,1,4071,0.00024558,1,1712,1,6148,1,0.278465,3.59112,0.721535,false
has_maxProperties__AND__has_pattern,has_maxProperties,has_pattern,13,4059,0.00319253,18,1695,19,6130,0.947368,0.276509,3.42618,0.670859,false
has_maxProperties__AND__has_minProperties,has_maxProperties,has_minProperties,12,4060,0.00294695,18,1695,19,6130,0.947368,0.276509,3.42618,0.670859,false
has_if_then_else__AND__has_properties,has_if_then_else,has_properties,5,4067,0.0012279,7,1706,8,6141,0.875,0.277805,3.14969,0.597195,false
has_if_then_else__AND__has_required,has_if_then_else,has_required,5,4067,0.0012279,7,1706,8,6141,0.875,0.277805,3.14969,0.597195,false
has_if_then_else__AND__has_type,has_if_then_else,has_type,5,4067,0.0012279,7,1706,8,6141,0.875,0.277805,3.14969,0.597195,false
has_allOf__AND__has_maximum,has_allOf,has_maximum,10,4062,0.0024558,13,1700,15,6134,0.866667,0.277144,3.12714,0.589523,false
has_maxProperties__AND__has_minItems,has_maxProperties,has_minItems,4,4068,0.000982318,6,1707,7,6142,0.857143,0.277923,3.08411,0.57922,false
has_allOf__AND__has_default,has_allOf,has_default,11,4061,0.00270138,15,1698,18,6131,0.833333,0.276953,3.00893,0.55638,false
has_enum__AND__has_if_then_else,has_enum,has_if_then_else,4,4068,0.000982318,5,1708,6,6143,0.833333,0.27804,2.99717,0.555293,false
has_const__AND__has_not,has_const,has_not,3,4069,0.000736739,4,1709,5,6144,0.8,0.278158,2.87607,0.521842,false
has_const__AND__has_patternProperties,has_const,has_patternProperties,5,4067,0.0012279,7,1706,9,6140,0.777778,0.27785,2.79927,0.499928,false
has_maxItems__AND__has_minProperties,has_maxItems,has_minProperties,3,4069,0.000736739,3,1710,4,6145,0.75,0.278275,2.69518,0.471725,false
has_maxLength__AND__has_not,has_maxLength,has_not,9,4063,0.00221022,10,1703,14,6135,0.714286,0.277588,2.57319,0.436698,false
has_const__AND__has_pattern,has_const,has_pattern,8,4064,0.00196464,10,1703,14,6135,0.714286,0.277588,2.57319,0.436698,false
has_maximum__AND__has_minProperties,has_maximum,has_minProperties,4,4068,0.000982318,5,1708,7,6142,0.714286,0.278085,2.56858,0.4362,false
has_maximum__AND__has_not,has_maximum,has_not,10,4062,0.0024558,10,1703,15,6134,0.666667,0.277633,2.40125,0.389034,false
has_allOf__AND__has_maxItems,has_allOf,has_maxItems,7,4065,0.00171906,8,1705,12,6137,0.666667,0.277823,2.39961,0.388844,false
has_anyOf__AND__has_const,has_anyOf,has_const,6,4066,0.00147348,6,1707,9,6140,0.666667,0.278013,2.39797,0.388654,false
has_maxLength__AND__has_minProperties,has_maxLength,has_minProperties,5,4067,0.0012279,4,1709,6,6143,0.666667,0.278203,2.39633,0.388464,false
has_maxProperties__AND__has_patternProperties,has_maxProperties,has_patternProperties,2,4070,0.000491159,2,1711,3,6146,0.666667,0.278392,2.3947,0.388274,false
has_const__AND__has_minItems,has_const,has_minItems,10,4062,0.0024558,11,1702,17,6132,0.647059,0.27756,2.33124,0.369498,false
has_default__AND__has_not,has_default,has_not,4,4068,0.000982318,5,1708,8,6141,0.625,0.278131,2.24715,0.346869,false
has_additionalProperties__AND__has_exclusiveMinimum,has_additionalProperties,has_exclusiveMinimum,3,4069,0.000736739,3,1710,5,6144,0.6,0.27832,2.15579,0.32168,false
has_boolean_schema__AND__has_exclusiveMinimum,has_boolean_schema,has_exclusiveMinimum,3,4069,0.000736739,3,1710,5,6144,0.6,0.27832,2.15579,0.32168,false
has_const__AND__has_maxLength,has_const,has_maxLength,3,4069,0.000736739,3,1710,5,6144,0.6,0.27832,2.15579,0.32168,false
has_const__AND__has_minProperties,has_const,has_minProperties,3,4069,0.000736739,3,1710,5,6144,0.6,0.27832,2.15579,0.32168,false
has_anyOf__AND__has_minProperties,has_anyOf,has_minProperties,8,4064,0.00196464,7,1706,12,6137,0.583333,0.277986,2.09843,0.305347,false
has_minLength__AND__has_minProperties,has_minLength,has_minProperties,10,4062,0.0024558,9,1704,16,6133,0.5625,0.277841,2.02454,0.284659,false
has_maxItems__AND__has_not,has_maxItems,has_not,5,4067,0.0012279,5,1708,9,6140,0.555556,0.278176,1.99714,0.27738,false
has_anyOf__AND__has_maxItems,has_anyOf,has_maxItems,14,4058,0.00343811,10,1703,19,6130,0.526316,0.277814,1.89449,0.248502,false
has_const__AND__has_enum,has_const,has_enum,10,4062,0.0024558,8,1705,16,6133,0.5,0.278004,1.79853,0.221996,false
has_defs__AND__has_exclusiveMinimum,has_defs,has_exclusiveMinimum,2,4070,0.000491159,2,1711,4,6145,0.5,0.278438,1.79573,0.221562,false
has_exclusiveMinimum__AND__has_maximum,has_exclusiveMinimum,has_maximum,2,4070,0.000491159,2,1711,4,6145,0.5,0.278438,1.79573,0.221562,false
has_exclusiveMinimum__AND__has_ref,has_exclusiveMinimum,has_ref,2,4070,0.000491159,2,1711,4,6145,0.5,0.278438,1.79573,0.221562,false
has_const__AND__has_minLength,has_const,has_minLength,2,4070,0.000491159,1,1712,2,6147,0.5,0.27851,1.79527,0.22149,false
has_maxItems__AND__has_maxProperties,has_maxItems,has_maxProperties,2,4070,0.000491159,1,1712,2,6147,0.5,0.27851,1.79527,0.22149,false
has_minProperties__AND__has_minimum,has_minProperties,has_minimum,11,4061,0.00270138,9,1704,19,6130,0.473684,0.277977,1.70404,0.195707,false
has_const__AND__has_ref,has_const,has_ref,10,4062,0.0024558,7,1706,16,6133,0.4375,0.278167,1.57279,0.159333,false
has_exclusiveMinimum__AND__has_oneOf,has_exclusiveMinimum,has_oneOf,3,4069,0.000736739,2,1711,5,6144,0.4,0.278483,1.43635,0.121517,false
has_const__AND__has_oneOf,has_const,has_oneOf,10,4062,0.0024558,6,1707,18,6131,0.333333,0.278421,1.19723,0.0549122,false
has_const__AND__has_default,has_const,has_default,8,4064,0.00196464,5,1708,15,6134,0.333333,0.278448,1.19711,0.0548853,false
has_multipleOf__AND__has_pattern,has_multipleOf,has_pattern,5,4067,0.0012279,2,1711,6,6143,0.333333,0.278528,1.19677,0.0548049,false
has_enum__AND__has_exclusiveMinimum,has_enum,has_exclusiveMinimum,3,4069,0.000736739,2,1711,6,6143,0.333333,0.278528,1.19677,0.0548049,false
has_exclusiveMinimum__AND__has_minimum,has_exclusiveMinimum,has_minimum,3,4069,0.000736739,2,1711,6,6143,0.333333,0.278528,1.19677,0.0548049,false
has_allOf__AND__has_multipleOf,has_allOf,has_multipleOf,2,4070,0.000491159,1,1712,3,6146,0.333333,0.278555,1.19665,0.0547782,false
has_anyOf__AND__has_multipleOf,has_anyOf,has_multipleOf,2,4070,0.000491159,1,1712,3,6146,0.333333,0.278555,1.19665,0.0547782,false
has_multipleOf__AND__has_oneOf,has_multipleOf,has_oneOf,2,4070,0.000491159,1,1712,3,6146,0.333333,0.278555,1.19665,0.0547782,false
has_exclusiveMinimum__AND__has_required,has_exclusiveMinimum,has_required,10,4062,0.0024558,5,1708,17,6132,0.294118,0.278539,1.05593,0.0155788,false
has_exclusiveMinimum__AND__has_properties,has_exclusiveMinimum,has_properties,11,4061,0.00270138,5,1708,19,6130,0.263158,0.27863,0.944472,-0.0154718,false
has_exclusiveMinimum__AND__has_type,has_exclusiveMinimum,has_type,11,4061,0.00270138,5,1708,19,6130,0.263158,0.27863,0.944472,-0.0154718,false
has_allOf__AND__has_const,has_allOf,has_const,2,4070,0.000491159,1,1712,4,6145,0.25,0.2786,0.897342,-0.0286005,false
has_const__AND__has_minimum,has_const,has_minimum,3,4069,0.000736739,1,1712,5,6144,0.2,0.278646,0.717757,-0.0786458,false
has_defs__AND__has_multipleOf,has_defs,has_multipleOf,3,4069,0.000736739,1,1712,5,6144,0.2,0.278646,0.717757,-0.0786458,false
has_multipleOf__AND__has_ref,has_multipleOf,has_ref,3,4069,0.000736739,1,1712,5,6144,0.2,0.278646,0.717757,-0.0786458,false
has_exclusiveMinimum__AND__has_minItems,has_exclusiveMinimum,has_minItems,4,4068,0.000982318,1,1712,6,6143,0.166667,0.278691,0.598033,-0.112025,false
has_minItems__AND__has_multipleOf,has_minItems,has_multipleOf,5,4067,0.0012279,1,1712,7,6142,0.142857,0.278737,0.512517,-0.135879,false
has_minLength__AND__has_multipleOf,has_minLength,has_multipleOf,5,4067,0.0012279,1,1712,7,6142,0.142857,0.278737,0.512517,-0.135879,false
has_minimum__AND__has_multipleOf,has_minimum,has_multipleOf,12,4060,0.00294695,2,1711,17,6132,0.117647,0.279028,0.421632,-0.161381,false
has_enum__AND__has_multipleOf,has_enum,has_multipleOf,6,4066,0.00147348,1,1712,9,6140,0.111111,0.278827,0.398494,-0.167716,false
has_maxLength__AND__has_multipleOf,has_maxLength,has_multipleOf,6,4066,0.00147348,1,1712,9,6140,0.111111,0.278827,0.398494,-0.167716,false
has_exclusiveMinimum__AND__has_items,has_exclusiveMinimum,has_items,6,4066,0.00147348,1,1712,10,6139,0.1,0.278873,0.358586,-0.178873,false
has_items__AND__has_multipleOf,has_items,has_multipleOf,8,4064,0.00196464,1,1712,13,6136,0.0769231,0.279009,0.275701,-0.202086,false
has_const__AND__has_maximum,has_const,has_maximum,1,4071,0.00024558,0,1713,1,6148,0,0.278627,0,-0.278627,false
has_content__AND__has_required,has_content,has_required,1,4071,0.00024558,0,1713,1,6148,0,0.278627,0,-0.278627,false
has_exclusiveMinimum__AND__has_minLength,has_exclusiveMinimum,has_minLength,1,4071,0.00024558,0,1713,1,6148,0,0.278627,0,-0.278627,false
has_allOf__AND__has_exclusiveMinimum,has_allOf,has_exclusiveMinimum,1,4071,0.00024558,0,1713,2,6147,0,0.278673,0,-0.278673,false
has_anyOf__AND__has_exclusiveMinimum,has_anyOf,has_exclusiveMinimum,1,4071,0.00024558,0,1713,2,6147,0,0.278673,0,-0.278673,false
has_content__AND__has_enum,has_content,has_enum,1,4071,0.00024558,0,1713,2,6147,0,0.278673,0,-0.278673,false
has_default__AND__has_minProperties,has_default,has_minProperties,1,4071,0.00024558,0,1713,2,6147,0,0.278673,0,-0.278673,false
has_exclusiveMinimum__AND__has_not,has_exclusiveMinimum,has_not,1,4071,0.00024558,0,1713,2,6147,0,0.278673,0,-0.278673,false
has_multipleOf__AND__has_not,has_multipleOf,has_not,1,4071,0.00024558,0,1713,2,6147,0,0.278673,0,-0.278673,false
has_default__AND__has_maxProperties,has_default,has_maxProperties,3,4069,0.000736739,0,1713,3,6146,0,0.278718,0,-0.278718,false
has_content__AND__has_default,has_content,has_default,2,4070,0.000491159,0,1713,3,6146,0,0.278718,0,-0.278718,false
has_content__AND__has_maxLength,has_content,has_maxLength,2,4070,0.000491159,0,1713,3,6146,0,0.278718,0,-0.278718,false
has_content__AND__has_oneOf,has_content,has_oneOf,2,4070,0.000491159,0,1713,3,6146,0,0.278718,0,-0.278718,false
has_content__AND__has_properties,has_content,has_properties,2,4070,0.000491159,0,1713,3,6146,0,0.278718,0,-0.278718,false
has_content__AND__has_type,has_content,has_type,2,4070,0.000491159,0,1713,3,6146,0,0.278718,0,-0.278718,false
has_exclusiveMinimum__AND__has_maxItems,has_exclusiveMinimum,has_maxItems,2,4070,0.000491159,0,1713,3,6146,0,0.278718,0,-0.278718,false
has_default__AND__has_maxItems,has_default,has_maxItems,7,4065,0.00171906,0,1713,4,6145,0,0.278763,0,-0.278763,false
has_maxItems__AND__has_multipleOf,has_maxItems,has_multipleOf,3,4069,0.000736739,0,1713,4,6145,0,0.278763,0,-0.278763,false
has_exclusiveMinimum__AND__has_maxLength,has_exclusiveMinimum,has_maxLength,2,4070,0.000491159,0,1713,4,6145,0,0.278763,0,-0.278763,false
has_exclusiveMinimum__AND__has_pattern,has_exclusiveMinimum,has_pattern,2,4070,0.000491159,0,1713,4,6145,0,0.278763,0,-0.278763,false
has_maximum__AND__has_multipleOf,has_maximum,has_multipleOf,6,4066,0.00147348,0,1713,8,6141,0,0.278945,0,-0.278945,false
